see_o1;0.523035109043;1.22536718845;0.600000023842;1.565782547;-0.162750720978;0.000301793043036;-0.52283602953;-1.22832214832;0.600000023842;1.56222784519;0.160251706839;-0.000554978149012;-0.329890280962;2.09383344441e-07;0.127093613148;0.389481514692;-0.837072908878
see_o2;0.523189842701;1.23026442528;0.600000023842;1.55844533443;-0.143663421273;0.000753697822802;-0.330366879702;-1.2135591507;0.600000023842;1.58711397648;0.134233683348;-0.387743651867;-0.0856958180666;8.5883806733e-09;-0.00898987427354;0.345059037209;-0.200555428863
see_o3;0.523160636425;1.22877240181;0.600000023842;1.56054806709;-0.14522485435;0.000617184035946;-0.330366879702;-1.2135591507;0.600000023842;1.58711397648;0.134233683348;-0.387743651867;-0.0856958255172;-3.06188230326e-09;-0.00898987147957;0.345059037209;0.2341132164
see_o4;0.52277982235;1.23010241985;0.600000023842;1.56001496315;-0.15871591866;0.000711895234417;-0.522837936878;-1.23408854008;0.600000023842;1.55485272408;0.155124232173;-0.00107567338273;-0.329890280962;-1.28157795487e-08;0.127093613148;0.445058941841;0.325429618359
see_o5;0.522780001163;1.23010241985;0.600000023842;1.56001496315;-0.15871155262;0.000711904489435;-0.523063659668;-1.22505557537;0.600000023842;1.56614899635;0.163002103567;-0.000275628175586;-0.329890280962;9.17008762258e-08;0.127093613148;0.405713915825;0.823252379894
see_o6;0.523144125938;1.22764658928;0.600000023842;1.56202673912;-0.144071102142;0.000514576560818;-0.523309350014;-1.2235417366;0.600000023842;1.56759107113;0.148212775588;-0.000155785382958;-0.0401683710515;6.07116135143e-07;-0.0101790949702;0.328740209341;0.365508913994
see_o7;0.329805850983;1.25326228142;0.943760991096;1.54778647423;-0.125786542892;0.573673963547;-0.522342741489;-1.23471820354;0.600000023842;1.552921772;0.160287722945;-0.00107567338273;-0.32961410284;2.50786598599e-07;0.127388760448;0.445059001446;-0.26277884841
see_o8;0.522612988949;1.22831070423;0.600000023842;1.56000769138;-0.149523109198;0.000514576444402;-0.522792518139;-1.2241717577;0.600000023842;1.56571447849;0.153396502137;-0.000155785353854;-0.0401681065559;6.02836735197e-07;-0.0101788062602;0.328740090132;-0.40663599968
p11;0.564504861832;1.25326228142;0.89543056488;1.44347596169;-1.08452439308;0.464760065079;-0.522377133369;-1.22888588905;0.600000023842;1.56054270267;0.164889797568;-0.000554977916181;-0.329695761204;6.87912688591e-05;0.12729382515;0.389481633902;-0.837073147297
p12;1.46955347061;1.86532044411;0.943760991096;1.58306789398;-0.466330230236;0.458624064922;-0.522377133369;-1.22888588905;0.600000023842;1.56054270267;0.164889872074;-0.000554978149012;-0.329789817333;-0.0462694354355;0.127201080322;0.415108263493;-0.76545637846
p13;1.36677670479;1.75947606564;0.896309316158;1.38825249672;-0.242368936539;0.072056055069;-0.522086977959;-1.22924137115;0.600000023842;1.55947899818;0.167820230126;-0.000554978032596;-0.257098436356;1.32063996716e-05;0.125613540411;0.415108293295;-0.765456318855
p14;1.41739821434;1.74720418453;0.0579965114594;1.38671851158;-0.285320520401;0.0597839355469;-0.522580265999;-1.22863614559;0.600000023842;1.56128895283;0.16283595562;-0.000554978032596;-0.329787313938;1.35548943945e-05;0.12720747292;0.41510823369;-0.765456438065
p15;1.56206965446;1.7579420805;0.0571177005768;1.18423342705;-0.286854505539;0.11347413063;-0.522580265999;-1.22863614559;0.600000023842;1.56128895283;0.16283595562;-0.000554978032596;-0.329787313938;1.3583902728e-05;0.12720747292;0.41510823369;-0.765456438065
p16;0.64121645689;1.53551864624;0.0571177005768;0.200996547937;-0.181044697762;0.0352401509881;-0.522435545921;-1.22990548611;0.600000023842;1.56026697159;0.166027471423;-0.000666566891596;-0.446925103664;-1.61612638294e-06;0.131803333759;-0.457163393497;-0.0787957161665
p17;0.64121645689;1.53551864624;0.944639742374;0.200996547937;-0.181044697762;0.0352401509881;-0.522435545921;-1.22990548611;0.600000023842;1.56026697159;0.166027471423;-0.000666566949803;-0.446925103664;-1.62057710895e-06;0.131803333759;-0.457163393497;-0.0787957161665
p18;1.10753417015;1.61681580544;0.943760991096;1.15508770943;-0.80687379837;0.501575946808;-0.522580444813;-1.22863650322;0.600000023842;1.56128895283;0.162836015224;-0.000554978265427;-0.289594501257;-2.79228083855e-06;0.126220136881;-0.245436906815;-0.0782330036163
p19;0.0951068401337;1.59994196892;0.943760991096;1.15508770943;-0.590582609177;0.185572147369;-0.522580444813;-1.22863650322;0.600000023842;1.56128895283;0.162836015224;-0.000554978265427;-0.289594501257;-2.778685257e-06;0.12622012198;-0.245436906815;-0.0782330036163
p0;0.522533774376;1.22825491428;0.600000023842;1.55967950821;-0.142720371485;0.000497638713568;-0.522533774376;-1.22825491428;0.600000023842;1.55967950821;0.142720371485;-0.000497640518006;-0.0400859639049;9.35483868147e-08;-0.0100941061974;-0.119957864285;2.80259692865e-45
p71;0.911184549332;1.72726237774;0.943760991096;1.7180583477;-0.596718549728;0.829852104187;-0.522342741489;-1.23471820354;0.600000023842;1.552921772;0.160287722945;-0.00107567338273;-0.32961410284;2.70004903768e-07;0.127388760448;0.445059001446;-0.26277884841
p72;1.56206965446;2.08566856384;0.943760991096;1.21951460838;-0.766990423203;0.848260164261;-0.522342741489;-1.23471820354;0.600000023842;1.552921772;0.160287722945;-0.00107567338273;-0.32961410284;2.93682660413e-07;0.127388760448;0.445059001446;-0.26277884841
p73;1.56206941605;1.55699086189;0.946397185326;0.423378705978;-0.00872664805502;0.0367741584778;-0.522311508656;-1.23958754539;0.600000023842;1.5460293293;0.1750626266;-0.00150511541869;-0.28184992075;0.0730932503939;0.146599143744;0.445059001446;-0.262778818607
p74;1.24405837059;1.36064052582;0.925307571888;1.17042756081;-0.118116617203;0.165630042553;-0.521785318851;-1.23768889904;0.600000023842;1.54748475552;0.172920286655;-0.00127648375928;-0.186570852995;0.0731729120016;0.0465299636126;0.445058971643;-0.262778967619
p75;1.02469921112;1.34069943428;0.0676625967026;1.02316474915;-0.00872664805502;0.0398421213031;-0.521762251854;-1.23545527458;0.600000023842;1.5506592989;0.166338711977;-0.00107567338273;-0.209446877241;0.0737771242857;0.0480508059263;0.445059001446;-0.262778908014
p76;1.32229161263;1.36064100266;0.147627472878;0.924990415573;-0.0475533008575;0.165630102158;-0.521831989288;-1.2353669405;0.600000023842;1.55093073845;0.16561242938;-0.00107567338273;-0.160891145468;0.04878853634;0.0472657382488;0.445058971643;-0.262778937817
p77;0.667281627655;1.51557302475;0.119507908821;0.274582624435;-0.0506212711334;0.282214164734;-0.5229601264;-1.24616134167;0.600000023842;1.53868210316;0.190984636545;-0.00216115824878;-0.378980904818;0.105535849929;0.127312019467;-0.233839020133;-0.112976580858
p78;0.667281508446;1.51557278633;0.944639742374;0.274582564831;-0.050621278584;0.282214224339;-0.522960007191;-1.24616110325;0.600000023842;1.53868234158;0.190984606743;-0.00216115778312;-0.378982633352;0.105522684753;0.127310141921;-0.233839035034;-0.112976580858
p79;0.632000207901;0.85902929306;0.915641486645;-0.312932014465;-0.909650564194;0.989387989044;-0.522442817688;-1.23950254917;0.600000023842;1.54756855965;0.172390475869;-0.00152483023703;-0.379601061344;0.0460257790983;0.12578459084;-0.233839049935;-0.112976588309
p710;0.740912675858;1.51710700989;0.944639742374;-0.220893144608;-1.09679627419;0.231591939926;-0.522442579269;-1.23950207233;0.600000023842;1.54756903648;0.172390416265;-0.00152482977137;-0.37898093462;0.0473278276622;0.127313628793;-0.233839020133;-0.112976580858
p711;0.608990430832;1.96656346321;0.939367294312;1.58460211754;-0.553766965866;0.544528007507;-0.522442698479;-1.23950231075;0.600000023842;1.54756879807;0.172390833497;-0.0015248444397;-0.378981649876;0.0473324768245;0.127311572433;-0.233839049935;-0.112976565957
p51;0.522012770176;1.2310539484;0.600000023842;1.55714690685;-0.166537642479;0.00071190437302;-0.349747657776;-1.46648573875;0.913005292416;1.26553416252;0.892776727676;-1.43893384933;-0.329454988241;3.33626815063e-07;0.127569168806;0.414979875088;0.766246020794
p52;0.522309958935;1.23068594933;0.600000023842;1.55825698376;-0.163507580757;0.000711904489435;-1.56206965446;-2.08161187172;0.943760991096;1.51710700989;0.116582632065;-0.380474090576;-0.329642832279;-7.00848540873e-05;0.127366378903;0.414979964495;0.76624584198
p53;0.521664381027;1.2314851284;0.600000023842;1.5558463335;-0.170090198517;0.000711904489435;-1.40666043758;-1.9282143116;0.942882239819;1.43120455742;0.105844736099;0.0551819801331;-0.304516911507;-0.0244501419365;0.123676806688;0.41497990489;0.766245961189
p54;0.522144496441;1.2308909893;0.600000023842;1.55763864517;-0.165195703506;0.00071190437302;-1.40205824375;-1.91440796852;0.0650264024734;1.33302938938;0.0751650184393;0.150289982557;-0.378158092499;9.27417858065e-08;0.127878323197;0.414979934692;0.766245901585
p55;0.521908581257;1.23118412495;0.600000023842;1.55675554276;-0.167604520917;0.000711904605851;-1.56206917763;-1.90520358086;0.0773286819458;1.18423271179;0.0460193008184;0.0413760989904;-0.329876869917;0.0493947565556;0.166257455945;0.414980024099;0.766245663166
p56;0.521869063377;1.23207557201;0.600000023842;1.55808973312;-0.167161867023;0.000832236139104;-0.471023976803;-1.90370082855;0.10456943512;0.0324358604848;0.17978322506;0.125746265054;-0.491256684065;3.22437590512e-05;0.156683936715;-0.287483990192;0.010544328019
p57;0.521771728992;1.23219609261;0.944639742374;1.55772697926;-0.168155312538;0.000832236022688;-0.471023917198;-1.90370059013;0.942003548145;0.0324358530343;0.179783195257;0.125746265054;-0.491247564554;3.22594460158e-05;0.156693950295;-0.287484049797;0.0105443298817
p58;0.521771728992;1.23219609261;0.943760991096;1.55772697926;-0.168155312538;0.000832236022688;-0.400368928909;-1.92361187935;0.942003548145;0.454058408737;0.89737868309;0.240796089172;-0.312620908022;1.5382469428e-05;0.155805379152;-0.287484049797;0.0105443298817
p59;0.521771728992;1.23219609261;0.943760991096;1.55772697926;-0.168155312538;0.000832236022688;-0.317533969879;-1.92207789421;0.942003548145;1.435806036;0.707165241241;0.245398044586;-0.312620908022;1.54538010975e-05;0.155805379152;-0.287484049797;0.0105443298817
p41;0.522098362446;1.2314170599;0.600000023842;1.55485892296;-0.168920353055;0.000717278278898;-0.9955534935;-2.08566856384;0.901581704617;1.4971653223;1.10446619987;-0.954189777374;-0.208171606064;-8.34686434246e-05;0.150303333998;0.445059001446;0.325224459171
p42;0.522310197353;1.23068618774;0.600000023842;1.55825734138;-0.163510546088;0.000711895234417;-1.56206941605;-1.28854417801;0.944639742374;0.518485665321;0.214757233858;-0.254685938358;-0.143717452884;-1.61179047886e-09;0.125366225839;0.445059001446;0.325429737568
p43;0.522381126881;1.23874306679;0.600000023842;1.54715561867;-0.187145397067;0.00143712433055;-0.897379159927;-1.24712729454;0.92003518343;0.905048131943;0.164136052132;-0.490921735764;-0.281487345695;-0.0264826845378;0.128037855029;0.445059001446;0.325429797173
p44;0.522144854069;1.23089158535;0.600000023842;1.55763876438;-0.165198206902;0.000711895350832;-1.05231046677;-1.26399970055;0.944639742374;0.941864013672;0.0751650631428;-0.0675380527973;-0.330779671669;0.0249807815999;0.127189218998;0.445059001446;0.32542976737
p45;0.522310197353;1.23068618774;0.600000023842;1.55825746059;-0.163510546088;0.000711895234417;-1.05231070518;-1.26399993896;0.0861159563065;0.941864132881;0.0751650482416;-0.0675380378962;-0.355079591274;-0.0244011376053;0.127935990691;0.445059001446;0.325429707766
p46;0.521129488945;1.23401629925;0.611599326134;1.55660915375;-0.170385524631;0.0245458912104;-1.524777174;-1.35757303238;0.0448154211044;1.00782561302;0.122718587518;-0.188724070787;-0.409501612186;-0.0244611091912;0.121784232557;0.357090324163;0.348663330078
p47;0.52112954855;1.23401677608;0.611599326134;1.5566085577;-0.170385479927;0.0245458912104;-0.664213657379;-1.3575732708;0.07557117939;0.329805850983;0.0444853305817;-0.398881912231;-0.409584701061;-0.0244601741433;0.121693432331;-0.187940105796;0.10125349462
p48;0.521102905273;1.23404967785;0.611599326134;1.55650925636;-0.170658290386;0.0245458874851;-0.670349597931;-1.3575732708;0.945518434048;0.331339836121;0.0322136878967;-0.40655207634;-0.409584492445;-0.0244601871818;0.121693611145;-0.187940135598;0.101253502071
p49;0.521081626415;1.23407530785;0.611599326134;1.55643081665;-0.170875281096;0.0245458874851;-0.658123791218;-1.36064100266;0.944639742374;0.302494645119;0.124357841909;-0.501660048962;-0.206405416131;-0.0732564404607;0.120962396264;-0.187940135598;0.101253531873
p410;0.52110272646;1.23404920101;0.611599326134;1.55650985241;-0.170658349991;0.0245458874851;-0.0214757919312;-1.36064076424;0.943760991096;0.406504869461;0.946466207504;-0.645855903625;-0.20640450716;-0.0244603138417;0.120963677764;-0.187940135598;0.101253539324
p411;0.521081626415;1.23407542706;0.611599326134;1.55643033981;-0.170875251293;0.0245458837599;-0.213223218918;-1.38518452644;0.916520237923;1.28394198418;0.64120388031;-1.15667819977;-0.206382021308;-0.0244648754597;0.120995737612;-0.187940165401;0.101253554225
final_pos;0.520974755287;1.23021686077;0.600000023842;1.55365884304;-0.158840000629;0.000497638829984;-0.520974934101;-1.23021697998;0.600000023842;1.55365824699;0.158839851618;-0.000497640518006;-0.0400860756636;-7.52226085865e-08;-0.0100942412391;0.234210923314;0.481005966663
p61;0.522612988949;1.22831070423;0.600000023842;1.56000781059;-0.149523139;0.000514576444402;-0.378893375397;-1.23178648949;0.917398929596;1.53398084641;1.34990310669;-1.15667819977;-0.0404977872968;-1.36639243919e-06;-0.0105427382514;0.328740149736;0.365508973598
p62;0.522612988949;1.22831070423;0.600000023842;1.56000781059;-0.149523139;0.000514576444402;-1.12747597694;-1.33302950859;0.917398929596;0.699495315552;1.01242733002;-1.11372613907;-0.0404977872968;-1.36379458127e-06;-0.0105427391827;0.328740149736;0.365508973598
p63;0.522612988949;1.22831070423;0.600000023842;1.56000781059;-0.149523139;0.000514576444402;-0.122718572617;-1.1919028759;0.942882239819;0.0153398513794;0.208621501923;-0.37893986702;-0.0404977835715;-9.55361088018e-07;-0.0105427308008;0.328740149736;0.365508973598
p64;0.522612988949;1.22831070423;0.600000023842;1.56000781059;-0.149523139;0.000514576444402;-0.122718572617;-1.1919028759;0.041300535202;0.0153398513794;0.208621501923;-0.37893986702;-0.0404977835715;-9.56775124905e-07;-0.0105427363887;0.328740149736;0.365508973598
p65;0.522612988949;1.22831070423;0.600000023842;1.56000781059;-0.149523139;0.000514576444402;-0.087436914444;-1.19343686104;0.041300535202;0.0429513454437;0.849825382233;-0.382008075714;-0.0404977947474;-6.48457614716e-07;-0.0105427624658;0.328740149736;0.915173053741
p66;0.522612988949;1.22831070423;0.600000023842;1.56000781059;-0.149523139;0.000514576444402;-0.348213672638;-1.1919028759;0.0421792268753;1.34836912155;0.737844705582;-0.820731878281;-0.0404986701906;-1.90955142898e-06;-0.0105448774993;0.366404056549;1.06509327888
p67;0.522191166878;1.22883820534;0.600000023842;1.5584038496;-0.153853714466;0.000514576327987;-0.250038862228;-1.18269944191;0.892794370651;1.42813611031;0.702563285828;-0.648923873901;-0.0404980145395;-1.93827690964e-06;-0.0105441706255;0.366403996944;1.0650935173
p31;0.522191166878;1.22883820534;0.600000023842;1.5584038496;-0.153853714466;0.000514576327987;-0.378893435001;-1.23178625107;0.917398929596;1.53398108482;1.34990286827;-1.15667796135;-0.0404962040484;-1.36162236686e-06;-0.0105410274118;0.428604990244;0.219389259815
p32;0.521855771542;1.22925662994;0.600000023842;1.55713009834;-0.157294332981;0.000514576327987;-0.337475776672;-1.23485445976;0.890158176422;0.0398836135864;0.77619433403;-0.552281856537;-0.0404962077737;-1.33938044655e-06;-0.0105410199612;0.428604990244;0.219389259815
p33;0.521377503872;1.22985327244;0.600000023842;1.55531346798;-0.162201419473;0.000514576211572;-0.190213680267;-1.22104859352;0.901581704617;0.0567572116852;0.0444853305817;-0.647389888763;-0.0404962264001;-1.32365437366e-06;-0.0105410553515;0.428605109453;0.219389259815
p34;0.521377325058;1.2298527956;0.600000023842;1.55531394482;-0.162201419473;0.000514576211572;-0.18254378438;-1.20877695084;0.0421792268753;0.0690290778875;0.00872664805502;-0.346726000309;-0.0404962226748;-1.32091020077e-06;-0.0105410534889;0.428605049849;0.219389289618
p35;0.521377325058;1.2298527956;0.600000023842;1.55531394482;-0.162201419473;0.000514576211572;-0.213223218918;-1.22718453407;0.0421792268753;0.0843689441681;0.918854475021;-0.386610031128;-0.0404962264001;-1.32857633162e-06;-0.0105410544202;0.400004446507;0.85837739706
p36;0.521074831486;1.23022913933;0.600000023842;1.55416679382;-0.165301710367;0.000514576095156;-0.164135932922;-1.21491265297;0.0834797620773;1.35603904724;0.725572824478;-1.20576620102;-0.040496237576;-1.33171829475e-06;-0.0105410637334;0.359415888786;1.09669935703
p37;0.520968317986;1.23036158085;0.600000023842;1.55376291275;-0.166393369436;0.000514576095156;-0.16413590312;-1.21491241455;0.940246045589;1.35603880882;0.725572943687;-1.20576643944;-0.040496237576;-1.33250171075e-06;-0.0105410581455;0.359415888786;1.09669935703
p21;0.52001953125;1.24559247494;0.930579960346;1.53398060799;-1.12900996208;1.10290408134;-0.522001504898;-1.22892618179;0.600000023842;1.55762147903;0.148227781057;-0.000497640634421;-0.0405349843204;-0.00185831135605;-0.0111900260672;0.438527405262;-0.147002145648
p22;0.489339828491;1.22718465328;0.930579960346;0.349747657776;-0.788466215134;0.41413807869;-0.522001504898;-1.22892618179;0.600000023842;1.55762147903;0.148227781057;-0.000497640634421;-0.0405349396169;-0.00185834174044;-0.0111899282783;0.438527405262;-0.147002145648
p23;0.0337476730347;1.2118448019;0.930579960346;0.0199418067932;-0.0674951076508;0.37885594368;-0.522001504898;-1.22892618179;0.600000023842;1.55762147903;0.148227781057;-0.000497640634421;-0.0405349433422;-0.00185833591968;-0.0111899357289;0.438527405262;-0.147002145648
p24;0.0337476730347;1.2118448019;0.0342706441879;0.0199418067932;-0.0674951076508;0.37885594368;-0.522001504898;-1.22892618179;0.600000023842;1.55762147903;0.148227781057;-0.000497640634421;-0.0405349433422;-0.00185833161231;-0.0111899338663;0.438527405262;-0.147002145648
p25;0.0843689441681;1.21644675732;0.0342706441879;0.0628931522369;-0.885106801987;0.380390167236;-0.522001504898;-1.22892618179;0.600000023842;1.55762147903;0.148227781057;-0.000497640634421;-0.0405349805951;-0.00185831461567;-0.0111900242046;0.341731071472;-1.16791653633
p26;0.995553731918;2.08566856384;0.0536028146744;1.7947576046;-0.455592393875;0.0199000835419;-0.521578431129;-1.22945857048;0.600000023842;1.55598759651;0.152602344751;-0.000497640518006;-0.0405349358916;-0.00185834616423;-0.0111899059266;0.316994786263;-1.26753020287
p27;0.995553731918;2.08566856384;0.932337462902;1.7947576046;-0.455592393875;0.0199000835419;-0.521578431129;-1.22945857048;0.600000023842;1.55598759651;0.152602344751;-0.000497640518006;-0.0405349358916;-0.00185834837612;-0.0111899049953;0.316994786263;-1.26753020287
p81;0.520019650459;1.24559223652;0.930579960346;1.53398084641;-1.12900972366;1.10290384293;-0.521578431129;-1.22945857048;0.600000023842;1.5559874773;0.15260232985;-0.000497640518006;-0.040532104671;-0.00185725686606;-0.0111868949607;0.438527464867;-0.296956986189
p82;0.489339888096;1.2271848917;0.930579960346;0.349747717381;-0.788466334343;0.414138138294;-0.521578431129;-1.22945857048;0.600000023842;1.5559874773;0.15260232985;-0.000497640518006;-0.0405349358916;-0.00185834034346;-0.0111899217591;0.438527464867;-0.294226795435
p83;0.0337476804852;1.21184504032;0.930579960346;0.0199418105185;-0.0674951225519;0.378856003284;-0.521578431129;-1.22945857048;0.600000023842;1.5559874773;0.15260232985;-0.000497640518006;-0.0405349470675;-0.00185833463911;-0.0111899478361;0.438527464867;-0.396044224501
p84;0.0337476804852;1.21184504032;0.0536028146744;0.0199418105185;-0.0674951225519;0.378856003284;-0.521578431129;-1.22945857048;0.600000023842;1.5559874773;0.15260232985;-0.000497640518006;-0.0405349433422;-0.00185833906289;-0.0111899524927;0.438527464867;-0.396044224501
p85;0.0843689292669;1.2164465189;0.0536028146744;0.0628931373358;-0.885106682777;0.380390107632;-0.521578431129;-1.22945857048;0.600000023842;1.5559874773;0.15260232985;-0.000497640518006;-0.0405349768698;-0.00185831275303;-0.0111900344491;0.341731011868;-1.16791677475
p86;0.995553612709;2.08566808701;0.0544815063477;1.79475736618;-0.45559245348;0.0199000872672;-0.521242201328;-1.22988128662;0.600000023842;1.55468964577;0.156077966094;-0.000497640518006;-0.0405349321663;-0.00185834628064;-0.0111898966134;0.316994726658;-1.26753044128
p87;0.995553612709;2.08566808701;0.932337462902;1.79475736618;-0.45559245348;0.0199000872672;-0.521242201328;-1.22988128662;0.600000023842;1.55468964577;0.156077966094;-0.000497640518006;-0.0405349321663;-0.00185834802687;-0.0111899003386;0.316994726658;-1.26753044128
p16*;1.56206965446;2.08566856384;0.0702987909317;1.20264077187;-0.523087501526;-0.0031099319458;-0.522377133369;-1.22888588905;0.600000023842;1.56054282188;0.164889872074;-0.000554977916181;-0.32978734374;1.36035059768e-05;0.127207458019;0.415108293295;-0.765456318855
p17*;1.56206965446;2.08566856384;0.0342706441879;1.81930136681;-0.513883590698;0.481634140015;-0.522086918354;-1.22924137115;0.600000023842;1.55947899818;0.167820155621;-0.000554977916181;-0.329792618752;3.5090426536e-05;0.127194479108;0.342595815659;-1.16443419456
p18*;1.56206965446;2.08566856384;0.896309316158;2.08566856384;-0.638135910034;0.40033197403;-0.521903455257;-1.22946584225;0.600000023842;1.55880641937;0.169672250748;-0.000554977799766;-0.329465359449;3.4985885577e-05;0.127552166581;0.342595756054;-1.16443443298
p77*;0.231631040573;1.342233181;0.143233776093;0.205553531647;-0.00872664619237;-0.0245859622955;-0.521762311459;-1.23545563221;0.600000023842;1.55065882206;0.166338741779;-0.00107567338273;-0.0457467027009;0.0487885549664;0.0479728542268;0.445059001446;-0.107378721237
p78*;0.231631040573;1.34376716614;0.0360281467438;0.231631040573;-0.997087717056;-0.0245859622955;-0.521762311459;-1.23545563221;0.600000023842;1.55065882206;0.166338741779;-0.00107567338273;-0.0457467027009;0.0487885661423;0.0479728505015;0.345145702362;-0.966408014297
p79*;1.0492939949;1.67818152905;0.0957820415497;1.76999783516;-0.777780294418;0.601286232471;-0.521785020828;-1.23554325104;0.600000023842;1.55009460449;0.166892558336;-0.00107648340054;-0.0492973588407;0.0487899854779;0.0391699597239;0.382709532976;-0.964779257774
p710*;1.04930317402;1.67818284035;0.781195044518;1.76995944977;-0.777789890766;0.601286232471;-0.52179890871;-1.23554635048;0.600000023842;1.55003345013;0.166888296604;-0.00107662728988;-0.0499505624175;0.0487906299531;0.037602879107;0.382712304592;-0.964762210846
p56*;0.522012770176;1.2310539484;0.600000023842;1.55714714527;-0.166537672281;0.00071190437302;-1.1336119175;-2.08566856384;0.146748661995;1.51097106934;1.01396131516;-1.02322006226;-0.378158062696;-6.10920267263e-07;0.127878367901;0.3827868402;0.744224667549
p57*;0.522012770176;1.2310539484;0.600000023842;1.55714714527;-0.166537672281;0.00071190437302;-0.921922445297;-1.8852622509;0.145869970322;1.80396151543;0.924990415573;-1.04162788391;-0.378158062696;-6.09104404248e-07;0.127878367901;0.3827868402;0.744224667549
p47*;0.521102905273;1.23404920101;0.611599326134;1.55650961399;-0.170658305287;0.0245458874851;-0.297592163086;-1.33456349373;0.20650267601;0.085902929306;0.125786542892;-0.444901943207;-0.227619886398;-0.0244610849768;0.12099263072;0.357090264559;0.348663389683
p48*;0.521102905273;1.23404920101;0.611599326134;1.55650961399;-0.170658305287;0.0245458874851;-0.242368936539;-1.337631464;0.20650267601;0.154932022095;0.832951545715;-0.409620046616;-0.227619886398;-0.0244610868394;0.120992638171;0.407090216875;0.791883170605
p49*;0.521148383617;1.2340593338;0.611599326134;1.55631935596;-0.170648470521;0.0245463568717;-1.32077538967;-2.08565425873;0.20650267601;1.78698825836;0.710275650024;-0.530806064606;-0.22954249382;-0.0244726669043;0.116263337433;0.407186686993;0.741839528084
p410*;0.521176755428;1.23409450054;0.611599326134;1.55604374409;-0.170843794942;0.0245468653738;-1.17966163158;-2.08566665649;0.933216154575;2.08558702469;0.770128965378;-0.900499820709;-0.231552839279;-0.0244730319828;0.111286334693;0.40728983283;0.741792798042
p58*;0.522012770176;1.2310539484;0.600000023842;1.55714714527;-0.166537672281;0.00071190437302;-0.921922445297;-1.8852622509;0.941124796867;1.80396151543;0.924990415573;-1.04162788391;-0.378158062696;-6.0378863509e-07;0.127878367901;0.3827868402;0.744224667549
table3;0.866703271866;1.24864780903;0.929701268673;0.955846488476;-0.0291522759944;1.14125311375;-0.420340120792;-0.515421748161;0.964850604534;-0.007686087396;0.0828519538045;-1.63528561592;-0.0372958146036;4.08795841622e-07;-0.00340405595489;0.274641036987;0.175792649388
table2;0.984815835953;1.36217498779;0.929701268673;1.21798062325;-0.710232973099;0.928028106689;-1.2317866087;-1.27473807335;0.893673121929;1.09372830391;0.435650587082;-0.882091999054;-0.0401216335595;6.81307865307e-05;-0.0101900883019;0.0797408521175;1.00191286162e-31
table1;1.42660212517;2.08566856384;0.908611595631;2.08566856384;-0.564504861832;0.817579984665;-1.47722351551;-2.08566856384;0.900703012943;2.08314609528;0.454058408737;-0.62744808197;-0.0401857718825;0.000152514170622;-0.0103444643319;-0.119957923889;1.00191262652e-31
pxmx;0.523147463799;1.22965455055;0.600000023842;1.55920040607;-0.141938835382;0.000695840804838;-0.00872664619237;1.10293221474;0.606326937675;0.627398252487;0.00872664619237;-0.909704208374;-0.038600564003;-7.72559433244e-05;-0.00661032833159;-0.20000000298;-2.80259692865e-45
p54b;0.522013008595;1.23105430603;0.600000023842;1.55714666843;-0.166537716985;0.00071190437302;-1.40205848217;-1.9144077301;0.942003548145;1.33302915096;0.0751650333405;0.15029001236;-0.378130823374;1.57257527462e-05;0.127907752991;0.41497990489;0.766245901585
